FASTA ID	Offset	Sequence	Motif Name	Strand	MotifScore
chrX:138711902-138712456()	78	ACGCTGCCACCCAGTGGTTT	CTCF(Zf)/CD4+-CTCF-ChIP-Seq(Barski_et_al.)/Homer	+	11.348190
chr5:123094964-123095784()	173	CTGCCAGCAGGCGGCACTCC	CTCF(Zf)/CD4+-CTCF-ChIP-Seq(Barski_et_al.)/Homer	-	11.213893
chr2:185738760-185739273()	-1	GCGTCGCCCTCTGGCGGCCG	CTCF(Zf)/CD4+-CTCF-ChIP-Seq(Barski_et_al.)/Homer	+	10.871182
chr2:185738760-185739273()	90	AGGCTGCCCTCTTGCGGCGC	CTCF(Zf)/CD4+-CTCF-ChIP-Seq(Barski_et_al.)/Homer	+	10.086608
chr19:56393007-56393624()	237	CAGCCGGAAGATGGCGCAGA	CTCF(Zf)/CD4+-CTCF-ChIP-Seq(Barski_et_al.)/Homer	-	8.771337
chr19:38869297-38870488()	104	GGAGCGCCACCTTGCGGCGC	CTCF(Zf)/CD4+-CTCF-ChIP-Seq(Barski_et_al.)/Homer	+	9.656773
chr18:77899678-77900313()	304	CGGCCGCTAGATGGCAGCGC	CTCF(Zf)/CD4+-CTCF-ChIP-Seq(Barski_et_al.)/Homer	-	13.041247
chr17:29613033-29614064()	30	GTAGCGCCCCCTGCCGGGAC	CTCF(Zf)/CD4+-CTCF-ChIP-Seq(Barski_et_al.)/Homer	+	9.112383
chr17:29613033-29614064()	-290	CCTCCACTAGAGGGTGGTGG	CTCF(Zf)/CD4+-CTCF-ChIP-Seq(Barski_et_al.)/Homer	-	11.129951
chr17:7589144-7589922()	-65	GCTGCGCCATCTGGCGGCGC	CTCF(Zf)/CD4+-CTCF-ChIP-Seq(Barski_et_al.)/Homer	+	9.621675
chr14:24310669-24311883()	535	CACCCTCCAGAGGTCAGTGT	CTCF(Zf)/CD4+-CTCF-ChIP-Seq(Barski_et_al.)/Homer	-	9.174862
chr12:124369295-124369776()	59	TGGCCGGCAGAGGGAGGGGT	CTCF(Zf)/CD4+-CTCF-ChIP-Seq(Barski_et_al.)/Homer	-	8.755464
chr11:63999714-64000939()	269	AGGCCGGCAGGGGGCGCACC	CTCF(Zf)/CD4+-CTCF-ChIP-Seq(Barski_et_al.)/Homer	-	9.783066
chr11:63999714-64000939()	-471	TGGGCAGAAGGGGGCAGGAA	CTCF(Zf)/CD4+-CTCF-ChIP-Seq(Barski_et_al.)/Homer	-	9.966419
chr10:35639704-35640204()	249	CACCCACCAGATGGAGCTGG	CTCF(Zf)/CD4+-CTCF-ChIP-Seq(Barski_et_al.)/Homer	-	10.863345
